20
11  18
01  93  42
07  50  91  97
52  88  55  96  41
38  38  28  87  57  44
26  56  86  15  53  91  37
29  98  96  82  93  98  37  42
36  66  89  25  38  15  28  92  86
60  54  79  05  86  64  34  60  90  66
94  64  93  53  84  70  83  26  23  14  30
67  37  28  09  37  52  18  13  99  43  05  14
69  49  96  57  93  65  37  69  64  07  19  89  16
08  65  34  88  74  32  55  79  82  42  95  58  88  77
81  77  10  01  96  97  67  48  93  60  44  09  57  54  20
19  33  14  97  17  71  74  38  48  47  81  41  28  27  39  39
61  52  79  45  57  17  41  35  59  42  92  73  35  06  74  33  93
68  80  76  19  52  36  12  91  18  30  64  42  20  15  34  61  23  47
31  56  80  11  11  50  92  21  07  30  12  61  21  27  01  55  71  19  68
29  79  82  76  94  84  01  26  91  14  56  93  19  45  99  23  60  28  69  39
87  31  83  94  67  92  63  45  90  99  38  16  98  92  38  11  87  83  77  24  59
97  41  28  27  25  63  18  19  72  02  25  75  89  88  27  37  89  38  83  67  71  40
07  51  31  13  64  64  77  36  52  34  94  47  72  14  01  42  60  35  86  49  56  74  19
46  16  28  70  78  89  84  09  74  56  40  93  99  63  18  76  70  19  07  26  81  41  42  95
76  27  98  11  10  83  55  53  49  36  62  34  91  95  17  96  03  10  39  26  53  44  79  12  26
71  87  02  36  25  64  19  25  50  88  22  67  43  21  68  55  70  76  10  18  87  53  64  78  80  30
36  60  85  11  90  25  25  59  67  18  78  66  97  39  76  91  73  24  12  79  70  39  90  21  27  02  86
76  46  10  83  97  43  19  67  97  32  72  45  62  64  71  85  60  77  67  46  01  77  82  75  11  11  32  73
55  25  38  33  07  90  25  71  98  02  34  99  62  81  89  67  23  50  09  57  58  89  48  55  20  18  73  67  74
67  42  80  46  66  33  96  91  07  35  81  39  72  44  48  47  49  72  78  39  53  14  92  56  72  08  95  88  47  44
56  21  06  80  69  55  70  34  31  03  50  35  72  82  06  65  71  65  19  37  13  19  04  11  40  16  83  73  37  81  56
57  54  23  74  94  18  31  62  62  69  59  88  43  43  83  62  26  20  84  85  01  57  53  15  54  68  48  70  91  22  73  23
25  40  34  02  59  32  16  85  13  84  47  71  95  88  26  85  92  56  89  34  12  34  90  58  68  17  60  52  01  75  63  13  13
99  03  93  07  42  52  97  99  43  68  93  48  60  88  38  12  46  66  04  71  38  67  74  03  14  47  03  19  68  59  84  40  33  71
49  96  43  24  76  39  49  22  05  44  19  28  47  57  16  73  64  39  89  25  88  08  74  74  88  32  17  47  33  39  37  87  18  31  88
12  01  52  30  23  14  29  31  36  96  14  65  62  34  44  94  05  51  84  17  94  05  14  12  05  26  02  79  01  07  67  72  26  48  94  05
76  70  97  35  24  16  98  17  23  72  25  31  11  74  88  79  76  67  55  72  55  26  64  76  39  13  87  38  76  47  48  48  41  74  91  91  09
29  24  30  99  94  72  49  55  57  41  43  61  93  13  54  97  31  76  23  38  43  03  34  47  03  73  01  65  76  17  53  87  56  97  73  20  16  84
82  69  05  03  30  61  21  67  46  13  35  88  29  18  99  10  73  97  87  03  44  50  46  98  04  63  02  26  72  83  58  31  33  95  94  66  99  11  94
61  62  96  29  14  21  41  33  17  31  10  17  05  09  10  38  46  56  91  65  24  29  64  96  24  89  42  70  26  16  56  34  36  87  96  19  30  25  10  55
82  79  05  08  78  76  41  89  66  87  47  88  82  31  88  64  24  09  72  74  48  78  44  73  57  30  39  29  10  36  08  67  94  35  39  07  81  59  09  98  92
20  51  32  18  76  51  55  64  38  27  28  62  20  57  81  64  13  44  97  72  92  79  76  30  52  27  79  92  70  28  87  07  16  44  64  25  84  04  81  79  16  64
38  49  36  21  28  20  39  36  48  17  28  30  22  25  89  72  65  34  96  79  22  31  19  86  71  89  09  36  18  23  39  65  37  19  26  69  68  48  15  23  26  10  75
10  15  11  56  40  49  41  92  06  48  97  04  24  50  44  84  11  50  35  27  69  06  67  72  80  73  78  53  83  41  03  52  85  25  87  08  79  98  94  67  62  70  22  93
95  72  26  66  55  97  96  39  91  15  12  55  82  51  80  66  85  50  26  47  04  70  50  45  46  97  59  67  40  01  69  38  45  64  58  45  50  31  13  16  50  13  69  99  55
41  63  18  13  48  58  94  10  67  85  52  64  11  25  86  04  64  94  88  80  78  14  91  06  97  34  59  85  22  57  26  84  29  86  93  62  13  37  29  24  57  58  38  33  15  56
58  25  63  90  82  14  42  27  48  81  87  83  60  85  11  35  36  46  57  14  64  67  33  04  40  86  28  34  94  28  73  81  91  72  79  99  13  25  46  79  13  39  10  81  34  53  32
27  54  83  42  19  45  34  64  26  10  83  87  28  41  21  67  42  91  03  11  67  81  68  15  28  81  36  84  05  80  21  65  93  92  23  64  77  28  12  10  87  89  40  63  82  11  08  52
93  11  49  83  67  35  07  12  32  32  63  09  92  12  41  12  17  01  12  70  67  90  34  19  05  29  84  05  13  11  31  36  71  70  85  48  41  41  37  21  48  11  93  30  48  74  24  29  16
09  42  80  54  59  19  67  42  53  02  23  01  08  87  54  67  70  04  21  46  46  02  64  63  56  06  03  27  19  75  31  05  34  97  90  75  34  08  19  94  45  85  17  64  54  92  68  74  02  57
26  66  45  17  23  69  97  70  16  31  97  80  68  52  14  01  58  97  21  89  70  50  22  31  38  16  67  25  84  38  63  25  79  42  08  70  68  84  59  94  26  86  79  58  97  12  43  17  88  44  60
86  88  42  52  36  44  46  99  01  89  96  70  50  28  33  61  03  38  48  22  67  23  42  33  49  53  22  03  98  78  56  55  14  24  65  27  43  29  20  24  40  97  83  29  19  20  26  69  32  46  59  67
87  35  16  33  36  87  77  65  48  23  29  21  03  05  81  01  98  36  87  19  81  98  69  23  85  52  15  47  31  79  33  99  86  51  67  66  80  97  15  19  04  12  81  05  33  51  02  18  87  39  01  93  92
28  79  33  02  92  06  33  40  98  19  51  62  10  62  90  29  92  97  89  96  99  09  21  78  47  70  70  95  43  30  02  27  67  38  89  74  90  66  21  37  34  44  34  68  97  87  54  68  10  43  90  06  57  35
60  40  11  65  42  35  79  89  88  20  74  23  25  18  77  75  56  24  36  58  52  54  33  63  80  41  63  89  09  29  59  59  75  15  88  61  15  63  97  08  46  71  32  05  77  20  09  32  89  56  64  84  04  75  78
10  59  17  23  28  60  34  90  38  09  87  25  71  08  25  20  06  54  80  24  60  79  59  29  22  43  53  16  22  79  47  61  72  77  80  92  82  39  14  02  88  44  81  65  58  82  97  66  15  62  64  21  18  58  05  64
01  64  56  53  18  90  43  58  90  13  49  10  81  01  90  11  24  79  12  42  70  51  14  20  61  73  95  76  10  34  57  51  26  51  74  03  73  95  60  93  52  20  10  54  45  96  42  05  57  61  98  23  74  81  90  92  33
34  06  32  93  22  64  04  05  78  53  97  83  86  40  94  21  68  48  57  36  59  92  50  67  35  97  22  77  60  67  33  44  23  34  63  65  72  02  49  64  05  02  13  17  64  56  98  13  76  07  34  10  14  28  42  67  03  36
90  61  85  11  42  69  69  78  40  55  92  24  14  92  39  44  13  05  72  91  74  36  95  13  34  80  22  65  17  56  47  54  84  92  08  03  53  37  54  08  71  42  39  82  05  04  15  34  21  66  72  25  17  04  24  01  79  83  53
53  47  16  43  11  25  19  37  04  41  84  41  99  55  19  77  69  18  21  82  23  83  58  15  19  96  91  47  67  09  73  60  78  15  87  94  48  56  18  10  03  73  32  70  64  57  04  91  88  27  61  45  65  97  99  94  08  65  55  81
38  78  86  44  33  34  34  16  39  32  28  50  68  84  94  07  82  23  37  21  84  16  45  36  51  38  36  86  83  30  84  65  45  41  29  67  57  29  64  32  76  34  96  55  86  99  15  42  72  73  65  33  27  82  06  32  82  48  91  49  73
53  23  69  78  70  46  16  19  30  11  18  87  08  05  11  65  55  80  63  72  81  29  49  50  63  59  41  82  93  79  44  09  54  08  55  19  09  81  48  34  84  42  90  50  89  93  05  19  52  73  01  45  50  40  60  84  82  48  06  17  80  38
17  09  04  03  98  27  65  70  55  23  59  96  52  22  38  71  22  43  88  39  04  32  53  01  57  94  91  76  17  37  93  72  25  26  23  42  07  36  69  68  80  28  58  16  37  34  08  08  47  60  26  23  53  91  71  25  08  16  24  02  31  41  05
30  10  57  36  03  38  35  31  72  53  88  49  84  76  57  74  32  89  64  17  61  24  09  17  67  24  78  77  21  91  05  40  53  33  03  86  56  10  17  40  75  84  10  65  56  75  68  65  30  10  58  15  99  21  56  27  56  02  37  87  37  94  11  65
16  96  14  51  84  04  97  22  42  67  86  84  53  95  24  07  29  90  14  89  56  57  85  50  19  90  10  35  25  76  92  27  18  25  81  30  85  86  55  56  55  49  20  70  22  73  05  29  97  43  85  18  87  74  42  22  65  05  53  10  71  60  16  97  47
80  71  15  55  07  50  59  45  72  15  01  94  01  12  31  95  70  94  31  83  01  87  96  50  49  38  87  40  85  38  62  56  21  26  94  96  83  21  40  70  82  40  79  18  04  15  05  43  32  54  40  57  87  71  38  83  59  85  30  38  97  48  62  12  74  93
41  20  20  67  22  57  64  28  18  23  49  55  57  82  57  55  24  63  77  34  66  15  43  41  82  27  87  10  96  64  74  29  38  57  40  26  36  85  93  30  60  90  82  33  35  54  36  67  82  74  09  94  12  42  39  05  65  47  85  52  67  95  17  45  81  35  98
19  01  02  71  30  34  92  99  33  85  82  32  18  50  54  85  06  85  71  53  21  57  52  21  87  11  68  12  48  84  62  48  81  05  66  39  50  67  46  16  47  67  18  55  21  10  67  63  84  05  53  42  26  83  04  61  45  43  97  91  83  58  01  78  07  98  27  40
98  33  81  55  57  68  23  56  44  73  17  65  03  56  14  67  74  78  34  18  22  75  49  40  25  81  07  70  02  19  49  63  65  60  57  35  18  54  74  01  54  33  39  81  10  41  07  23  73  29  17  73  23  72  71  97  22  59  95  81  18  53  31  94  69  73  04  02  35
16  53  56  48  94  64  08  37  19  77  77  08  24  91  40  13  47  91  28  24  56  29  56  93  02  64  95  69  18  15  97  50  61  97  51  15  68  65  85  56  93  80  17  35  08  51  22  42  22  51  40  19  03  65  13  82  76  07  31  38  23  46  65  73  51  07  85  12  23  20
39  77  59  24  82  61  37  30  68  30  63  98  82  32  52  09  56  12  68  13  83  34  37  24  42  15  63  11  22  05  61  39  63  49  74  35  17  51  28  34  69  14  35  84  15  39  31  78  47  09  63  38  75  11  22  48  70  68  34  40  05  98  40  96  52  36  18  71  34  04  88
93  27  67  35  79  71  41  08  17  14  84  72  42  05  47  14  55  97  54  77  62  08  68  48  61  39  97  01  49  11  34  13  75  31  40  13  73  05  58  56  83  37  37  48  70  36  22  80  93  78  66  29  06  96  39  99  09  49  64  99  89  27  91  97  37  66  86  12  62  50  21  79
73  71  10  16  03  03  95  76  83  79  67  67  39  43  49  70  79  71  88  17  15  87  40  61  35  32  36  59  50  04  54  86  86  92  55  36  99  09  70  26  22  96  04  96  28  16  52  98  93  08  03  61  17  53  05  04  01  69  07  63  23  28  42  46  26  03  78  45  58  28  51  20  55
82  01  65  26  92  56  85  97  15  49  67  09  88  85  55  25  27  63  62  31  06  01  21  12  81  12  42  42  87  23  45  85  51  34  10  07  82  08  63  93  02  33  68  81  28  09  01  28  69  49  13  91  46  58  64  11  15  49  31  20  34  08  96  33  59  28  23  23  33  01  51  99  69  68
68  48  20  74  67  12  20  83  54  91  79  97  98  20  18  26  96  41  10  10  67  93  43  45  49  95  08  31  69  72  66  90  14  78  99  42  93  09  89  39  39  67  57  81  92  16  55  94  17  09  30  11  14  98  72  99  79  89  39  98  01  63  53  76  50  09  35  56  42  14  01  15  78  27  34
53  10  01  62  85  28  49  70  78  56  58  83  27  83  32  85  46  14  27  59  91  17  11  33  29  58  52  32  83  89  87  38  44  70  71  14  27  15  85  91  12  78  48  64  29  80  52  12  30  10  37  38  85  95  80  50  68  90  86  78  80  94  18  21  95  05  63  87  94  37  10  77  02  73  07  28
61  57  02  51  99  25  49  83  95  13  50  99  41  96  61  80  95  60  01  41  56  55  35  16  64  62  07  17  04  44  30  26  33  70  80  64  40  12  13  19  95  97  33  13  87  13  67  80  40  55  14  28  88  35  53  06  65  19  01  99  40  02  55  44  38  14  10  72  84  09  58  71  87  41  78  91  44
43  47  29  78  99  53  14  01  63  57  11  57  49  37  39  81  64  80  54  86  27  81  63  79  19  21  90  42  21  37  99  61  54  40  20  08  45  97  47  98  38  35  20  13  48  07  26  10  29  92  87  64  78  44  06  08  79  63  04  40  48  98  23  79  22  15  10  86  98  37  17  44  91  84  18  29  17  92
67  73  56  36  16  95  79  07  84  12  82  46  89  43  65  51  89  54  98  53  84  81  84  57  23  20  36  97  43  73  36  97  04  01  80  28  97  92  10  62  58  52  12  59  79  99  98  79  76  49  96  20  68  78  87  61  52  65  30  99  15  13  43  21  90  57  92  06  03  47  47  89  42  52  72  28  07  15  28
01  61  30  60  46  19  93  48  33  23  06  68  46  66  59  16  13  07  48  37  19  92  32  71  65  65  16  90  80  95  33  07  05  21  69  38  93  31  98  38  41  50  65  12  64  28  39  78  87  65  57  42  22  52  83  39  65  08  59  39  36  94  37  74  21  43  73  96  75  07  27  75  45  41  41  29  82  21  94  52
20  52  56  11  40  15  48  53  05  17  68  57  82  70  82  01  58  34  49  77  42  80  79  80  48  79  89  79  13  84  89  64  57  38  88  78  82  41  01  65  88  50  58  14  61  89  32  04  91  13  78  77  46  41  34  17  43  33  36  64  22  59  22  49  38  44  47  98  71  57  56  38  33  59  92  97  15  84  45  66  55
24  05  88  97  45  63  40  29  65  24  91  37  19  75  66  99  85  67  72  35  40  92  95  63  11  38  78  92  12  56  61  55  30  23  79  59  95  55  15  81  86  90  80  69  80  01  38  19  91  18  40  71  15  97  22  02  74  20  47  98  38  73  56  19  06  40  15  94  69  01  35  03  67  02  96  78  23  33  70  96  41  91
24  98  56  64  43  35  33  17  91  93  81  79  05  73  86  12  47  01  72  55  29  40  49  43  47  42  93  77  09  92  38  89  40  84  80  27  98  73  36  87  19  16  01  19  96  09  06  44  81  40  30  95  21  72  03  64  68  43  39  85  60  76  41  95  51  01  40  28  03  20  33  37  68  54  73  06  16  20  10  89  17  36  87
89  20  52  91  42  06  19  75  58  30  77  46  53  33  18  29  30  03  31  77  79  37  34  28  29  81  13  61  74  21  18  83  97  41  96  82  28  30  23  01  57  51  99  48  11  03  77  74  87  48  80  99  32  82  15  25  23  11  73  45  08  29  18  62  61  66  25  11  01  65  55  03  69  52  26  51  98  12  35  92  39  56  72  54
73  33  58  56  98  05  18  10  10  12  16  12  06  66  26  72  80  65  72  35  63  30  61  30  47  79  57  89  67  12  15  43  14  37  55  33  75  07  03  02  60  67  59  60  60  74  61  55  42  02  18  30  27  88  93  71  28  51  83  93  81  58  06  66  16  16  12  39  48  60  61  96  53  86  26  09  61  72  81  61  07  99  41  73  71
01  27  11  05  77  12  61  21  62  62  32  88  66  84  56  93  71  86  66  64  56  57  91  04  39  84  51  87  14  73  25  24  49  13  31  88  83  66  36  84  38  68  94  96  18  44  07  14  33  73  72  07  24  64  80  84  64  35  14  46  13  85  64  13  75  17  94  98  66  28  51  80  46  95  44  35  02  30  18  30  49  10  80  11  72  78
82  38  94  74  96  99  27  53  91  17  02  97  88  80  30  52  51  49  99  47  24  16  60  73  59  05  55  53  25  49  57  38  40  99  56  82  21  24  62  32  74  57  32  30  48  14  90  37  95  36  44  75  50  31  06  55  67  30  09  91  88  82  01  75  38  78  40  85  75  22  55  42  64  58  29  66  39  73  20  73  88  06  17  23  62  68  58
17  94  95  32  85  74  51  07  84  66  26  71  25  12  81  97  18  80  08  60  18  98  18  56  42  35  89  49  94  63  35  47  12  98  88  09  39  42  64  44  66  52  31  12  43  76  23  37  91  79  46  55  19  84  94  06  86  64  22  25  10  19  07  79  14  46  37  05  49  55  29  76  14  45  26  76  86  69  27  14  75  02  49  49  65  46  45  45
72  44  69  45  87  13  65  15  29  57  55  37  38  91  76  90  40  10  58  95  08  93  63  97  71  59  42  68  11  97  23  23  80  20  50  28  85  58  62  29  94  49  97  85  89  06  86  02  48  29  61  65  78  42  17  50  93  21  78  85  20  83  35  54  77  11  53  27  23  47  75  96  16  44  89  11  45  38  23  59  85  78  93  74  06  52  08  81  18
55  55  79  15  09  08  21  38  84  13  42  41  36  39  69  47  83  20  17  78  96  89  20  83  66  73  67  74  32  80  22  19  82  41  65  77  73  86  29  12  20  54  67  04  28  81  61  54  16  33  20  50  39  04  86  43  26  51  37  37  40  75  75  23  38  35  51  05  18  34  69  16  05  65  75  97  66  38  55  27  89  52  22  11  21  09  03  47  03  57
35  56  14  32  90  63  15  58  31  66  24  83  56  03  96  67  59  31  21  24  12  76  79  40  12  67  41  85  35  47  05  50  57  56  04  31  91  50  46  18  83  50  21  14  61  83  15  90  23  45  41  91  16  32  25  91  33  36  42  36  93  20  79  46  89  41  15  55  91  58  29  58  30  32  10  38  61  46  28  36  84  84  92  98  98  10  10  66  52  75  14
65  47  40  59  08  16  95  75  66  95  42  84  37  62  96  46  15  87  08  34  19  89  79  31  90  18  37  32  75  78  83  28  77  43  47  58  41  25  38  27  99  06  04  73  48  48  33  72  84  52  51  97  25  90  79  88  11  79  74  15  55  52  03  10  88  50  91  36  46  50  76  78  84  96  78  46  46  86  69  38  62  90  98  47  72  23  02  87  19  33  55  97
85  87  91  21  27  51  08  65  43  56  49  85  86  75  78  10  62  71  93  17  90  58  61  66  94  41  02  15  50  61  03  06  96  37  40  01  17  14  27  63  57  17  89  01  99  97  97  20  65  35  58  25  13  19  09  15  96  94  03  31  51  44  32  50  55  14  40  38  47  96  37  52  58  48  66  33  30  74  33  08  10  44  03  64  69  62  83  83  07  51  87  94  91
62  46  51  81  71  74  80  82  64  72  29  95  72  86  08  57  70  24  06  87  53  45  43  04  98  73  67  24  53  28  45  82  53  46  92  44  79  52  20  15  87  06  23  14  20  31  90  48  78  88  95  87  46  63  17  37  11  86  26  25  35  90  06  75  80  13  68  27  45  80  24  26  32  84  60  78  62  80  92  62  99  40  69  09  83  48  11  17  76  22  30  86  45  23
51  72  37  06  77  36  44  30  98  16  17  56  69  70  54  75  20  43  51  82  69  97  82  43  67  21  45  67  70  60  91  70  33  53  61  21  69  19  01  06  79  29  17  69  37  47  63  93  80  95  09  91  93  86  56  28  64  44  61  11  44  10  99  48  34  32  98  86  96  73  83  87  80  97  64  31  46  28  72  36  50  66  18  93  81  14  80  21  50  10  35  77  13  44  80
06  29  75  90  14  06  76  12  25  76  06  58  50  73  23  75  50  09  82  50  27  68  31  65  83  01  50  40  63  29  15  37  23  12  71  91  45  47  07  93  79  21  22  04  71  62  21  85  92  67  35  25  06  82  35  59  07  18  64  79  72  76  88  15  70  63  82  81  01  48  92  10  50  50  75  67  41  51  47  24  10  72  70  67  97  18  31  83  98  87  50  43  86  08  20  84
67  35  57  17  18  02  10  23  14  40  65  20  75  74  17  52  75  20  91  37  11  76  22  08  74  35  94  66  52  35  32  55  68  08  61  41  44  06  76  95  61  74  53  36  49  98  02  66  06  20  66  45  69  03  19  87  98  68  37  85  92  76  85  36  36  21  75  32  40  87  94  19  50  36  54  55  15  28  79  83  18  85  62  21  23  75  10  83  58  74  63  40  53  75  03  55  17
34  79  81  49  38  68  53  49  50  35  46  26  70  55  40  64  51  46  16  97  44  16  09  27  74  74  15  99  99  68  30  31  77  11  59  40  22  45  77  59  53  37  23  61  03  19  22  43  61  99  50  74  17  49  53  15  09  04  21  17  23  06  50  51  05  85  56  57  89  40  36  07  94  76  76  50  11  13  87  67  82  12  02  94  37  77  53  59  65  24  22  90  49  71  51  79  97  47
75  98  48  46  07  15  67  86  75  12  43  64  72  80  19  23  39  85  53  34  61  39  56  03  71  74  67  47  99  66  74  33  01  85  22  25  64  68  16  54  90  95  12  55  50  57  67  73  90  55  87  25  69  56  49  77  91  77  44  66  97  74  17  97  40  96  73  05  08  66  37  01  92  12  11  23  28  94  56  57  42  62  07  14  43  46  18  66  72  82  28  03  33  43  63  57  84  72  95
48  79  69  50  76  60  61  19  62  57  15  97  38  54  73  71  55  41  04  53  14  95  04  14  61  66  05  96  29  41  74  74  92  58  02  68  77  43  79  51  12  37  14  89  05  97  28  13  15  38  37  44  72  29  20  57  02  67  95  44  88  25  90  53  08  91  67  07  39  75  87  32  78  07  18  04  88  63  41  74  13  13  36  72  55  52  80  59  32  66  07  44  62  18  24  23  54  25  91  33
