74
33  58
13  18  43
68  04  15  60
75  06  20  26  76
16  23  46  59  68  29
56  20  84  49  17  49  02
23  44  05  15  06  96  37  47
86  02  28  67  83  16  17  02  02
29  36  96  38  96  89  63  85  44  98
45  07  91  04  70  69  97  78  89  75  21
43  54  91  11  19  24  20  20  68  08  72  62
17  75  15  80  53  92  24  23  02  79  27  27  86
58  61  43  02  11  07  30  57  52  63  16  34  72  67
13  46  77  59  71  18  27  45  16  46  37  58  90  73  30
20  47  41  60  40  11  81  77  10  70  10  19  53  19  71  10
64  44  84  40  01  94  15  66  15  91  51  04  56  48  19  54  55
17  66  92  55  90  64  19  09  32  23  23  34  98  61  43  24  59  83
74  61  56  52  09  89  84  38  89  74  23  78  25  71  46  27  52  10  84
56  90  63  66  71  68  64  40  60  50  86  12  28  97  42  92  18  82  61  06
80  71  82  12  26  79  30  04  24  19  61  07  60  24  19  69  74  61  86  22  92
11  83  16  05  67  58  60  38  46  71  32  23  46  87  43  51  13  71  84  10  54  02
10  75  18  96  08  89  10  34  57  20  14  72  53  98  11  99  15  50  15  82  72  38  30
72  81  07  97  45  10  53  96  16  16  82  55  46  73  82  10  66  79  09  22  37  92  87  81
96  09  38  05  78  46  39  69  88  94  11  06  80  01  93  33  59  07  04  70  32  05  47  29  35
56  34  44  95  72  99  93  40  03  87  87  69  01  73  22  11  35  19  85  63  73  92  79  76  43  13
78  54  83  38  30  70  56  21  96  43  81  52  90  46  59  81  60  76  50  88  88  35  28  56  48  82  34
84  44  64  96  04  66  84  71  93  55  39  42  94  17  21  02  38  10  83  31  13  04  58  39  24  49  25  73
77  11  26  59  23  62  46  14  74  08  72  40  02  38  15  42  99  69  77  11  43  75  39  07  90  09  33  54  12
18  57  88  66  89  39  81  92  50  39  26  25  68  25  64  67  80  18  71  17  82  95  78  50  54  60  29  98  45  07
22  14  05  68  91  66  65  94  49  08  43  97  54  61  31  01  84  59  62  88  85  95  87  79  71  13  80  26  16  50  72
28  26  26  35  75  23  82  32  99  02  03  28  87  61  40  20  33  21  84  47  40  68  93  18  34  84  90  77  72  77  11  41
99  73  92  12  11  17  90  01  47  77  77  64  39  06  02  94  61  47  28  31  95  43  57  15  13  30  49  22  68  38  15  84  93
85  16  01  52  74  54  64  67  25  45  51  83  03  67  75  09  95  92  03  11  39  64  71  86  82  21  77  62  24  47  76  78  86  69
98  73  58  59  22  60  67  74  70  99  60  78  83  22  92  59  68  20  02  13  60  04  36  92  67  87  74  39  07  81  32  15  29  50  54
48  87  60  25  53  01  51  89  80  89  88  19  84  72  93  67  73  95  05  70  81  11  38  26  63  14  22  53  38  27  79  85  30  69  17  11
39  99  61  83  07  55  55  26  06  43  07  31  40  35  82  93  16  18  10  92  76  18  09  76  91  36  03  13  87  43  27  08  77  61  99  09  38
85  65  82  46  58  76  05  19  89  57  03  71  18  16  12  14  01  88  89  81  76  41  91  02  07  06  05  54  45  73  99  23  67  65  28  70  22  21
96  27  60  14  24  62  64  90  07  79  47  09  06  42  48  75  95  15  09  04  93  29  52  25  68  71  46  02  16  40  21  87  55  02  49  20  46  48  84
79  91  35  70  37  06  19  92  97  25  58  99  38  07  91  03  47  18  70  91  19  36  13  14  80  98  42  54  99  18  77  29  11  62  94  18  58  32  59  38
23  04  88  38  89  21  21  29  85  97  69  06  73  65  71  14  88  80  56  89  63  65  61  53  54  86  72  14  36  68  01  92  70  32  56  29  57  69  39  24  12
99  74  58  91  71  64  60  46  23  39  48  63  98  41  42  88  17  68  90  81  34  69  61  26  60  21  73  67  01  37  59  77  08  54  54  95  30  36  53  08  57  67
93  89  27  52  23  89  75  08  33  83  39  25  45  59  12  46  33  71  56  23  77  35  73  02  29  01  29  81  91  45  40  49  49  20  14  48  75  22  70  29  89  94  58
36  52  02  72  07  73  92  58  51  97  45  02  59  87  16  51  98  65  84  45  88  98  18  90  76  68  87  54  90  15  22  51  69  41  53  86  55  66  54  41  95  13  83  79
97  79  11  58  40  62  31  08  47  65  15  25  73  67  17  60  51  60  06  49  67  07  74  55  90  87  14  55  65  91  57  82  41  31  85  41  41  42  89  35  43  46  75  26  06
81  60  98  92  41  18  82  88  68  73  72  08  61  31  41  09  67  18  75  29  89  18  18  65  89  03  43  98  39  58  13  37  72  61  78  77  80  52  01  99  12  92  90  83  32  82
27  59  31  90  39  72  31  81  66  30  66  92  65  27  48  28  96  48  57  87  22  27  30  93  49  84  74  95  83  43  65  60  35  01  12  32  43  61  91  27  72  02  63  39  22  55  97
59  73  33  74  14  94  54  51  19  87  97  57  57  74  55  43  31  28  24  46  25  51  81  72  65  27  45  15  78  26  33  35  28  39  87  30  99  31  89  46  74  20  58  60  49  96  66  61
73  92  27  56  69  19  06  95  12  02  55  21  34  38  79  33  47  19  14  28  01  63  79  44  35  28  57  01  87  51  20  58  63  80  72  21  91  64  83  85  80  35  40  84  29  65  56  55  01
80  42  93  44  14  52  03  65  51  02  98  75  88  74  88  87  93  28  90  98  73  52  23  69  34  79  49  95  74  84  47  31  47  58  66  51  19  86  65  48  83  17  61  72  19  96  63  96  84  14
24  35  74  42  22  60  33  84  58  40  69  61  29  51  33  62  63  20  56  86  82  53  47  49  05  95  41  77  93  73  57  77  72  95  41  38  72  99  65  56  10  30  59  66  32  19  69  67  19  49  79
86  55  84  24  90  59  96  13  54  83  04  65  33  49  31  08  20  48  31  52  53  60  56  90  34  69  86  58  08  31  11  94  05  73  44  90  85  61  30  50  84  24  05  94  92  38  77  17  56  58  75  43
40  77  74  42  01  79  99  16  26  76  73  90  27  95  92  01  31  90  70  30  65  99  50  84  61  25  56  16  70  29  39  23  95  85  54  33  96  64  46  86  79  18  57  81  13  93  38  58  88  47  15  95  68
33  16  94  44  15  29  15  46  79  67  44  65  06  55  11  98  99  88  05  17  39  48  43  82  52  65  68  82  05  05  53  72  26  79  95  06  63  39  86  07  35  70  29  87  46  90  99  53  38  97  25  91  79  45
01  44  43  03  89  29  34  70  79  14  92  08  04  40  40  54  07  99  84  88  81  99  57  18  83  32  89  91  39  36  87  45  39  90  05  97  01  06  85  93  51  16  81  12  43  45  97  15  09  58  41  07  20  04  80
04  84  18  91  87  79  33  78  63  61  43  85  80  86  99  95  34  14  07  21  90  06  18  14  28  22  85  61  06  98  88  43  14  24  91  42  70  51  03  92  71  22  04  65  47  13  69  76  29  97  09  96  12  25  58  70
97  50  14  50  18  58  39  97  29  79  91  17  97  93  25  69  03  51  18  01  68  47  10  27  16  58  50  49  76  72  63  98  53  78  65  03  75  88  26  16  18  67  37  56  74  65  79  54  38  23  88  87  68  70  88  50  44
47  68  93  64  22  51  28  87  99  82  38  89  66  03  32  35  72  83  29  87  11  63  05  31  33  67  53  97  30  75  74  62  11  91  86  85  30  77  55  90  05  09  72  72  81  05  53  57  04  28  07  97  76  41  49  95  42  77
13  42  63  53  15  07  01  36  67  69  17  91  97  58  96  15  53  79  83  59  09  82  88  51  95  84  35  83  82  01  83  82  11  28  69  38  04  59  61  28  74  92  12  25  47  05  16  43  36  87  87  75  21  19  32  10  77  21  03
23  91  82  35  67  08  11  34  55  34  96  93  76  81  64  18  77  67  85  23  23  16  30  02  23  75  26  31  43  16  20  93  59  91  85  17  50  97  57  22  86  94  53  68  60  18  58  72  28  83  13  63  18  04  89  82  73  89  21  87
91  36  37  38  96  26  01  44  10  17  22  24  52  10  65  52  83  16  58  77  51  55  55  64  32  91  66  76  11  05  80  25  26  09  86  22  80  50  10  93  67  38  72  70  10  24  27  04  07  22  30  41  26  72  49  48  26  96  04  31  69
82  61  29  27  29  71  40  51  24  11  33  64  84  55  52  47  49  20  16  82  05  27  51  33  04  99  98  65  78  42  21  60  67  18  83  96  25  38  69  26  46  41  25  65  67  95  15  52  71  29  52  05  23  71  64  62  87  30  76  15  29  34
10  91  50  38  85  83  79  62  65  58  22  28  65  23  22  66  41  44  70  10  79  37  24  73  75  86  39  25  91  56  43  05  66  09  82  17  82  92  64  59  45  96  59  65  62  75  77  91  64  39  97  92  21  26  40  21  78  84  03  77  47  75  37
93  60  14  76  38  59  94  45  32  13  69  60  62  98  56  52  57  38  58  59  71  11  26  33  82  68  96  21  35  16  45  47  46  67  62  80  58  19  84  22  35  82  46  24  47  41  73  03  62  16  44  85  05  68  72  83  22  73  40  41  72  91  14  23
25  26  62  76  31  88  98  01  17  46  49  67  32  42  62  38  93  14  69  77  07  98  62  07  54  54  20  79  03  58  76  88  04  96  05  83  26  65  74  96  18  77  74  88  58  54  61  28  47  62  77  75  44  78  05  15  38  13  59  98  30  29  92  30  06
91  94  04  40  93  91  83  16  91  84  72  86  16  45  51  06  03  49  37  08  95  49  81  92  94  45  72  67  93  49  72  05  59  39  23  70  63  18  73  13  90  70  87  47  72  88  22  91  04  68  32  43  14  76  07  51  63  30  77  10  09  44  47  75  15  61
71  65  90  18  81  25  27  14  30  71  58  65  09  10  76  76  32  43  10  68  24  57  89  14  16  83  15  50  28  98  30  27  69  11  68  82  15  96  29  80  67  40  15  22  14  77  08  40  14  10  37  04  42  98  81  08  65  92  35  47  35  61  33  79  89  89  02
73  30  62  89  06  29  45  51  46  93  78  31  33  38  42  88  15  20  73  84  96  94  17  91  06  13  87  67  38  72  77  32  66  91  57  12  72  09  67  35  54  29  95  98  51  05  85  27  99  04  02  25  85  05  97  24  26  60  19  50  25  36  42  09  96  07  88  97
02  01  18  67  77  19  05  36  39  60  65  70  61  49  08  12  33  07  57  88  90  86  51  73  14  98  11  97  32  70  22  77  57  61  19  03  37  92  35  38  70  53  09  54  53  06  24  99  32  12  28  52  22  38  65  61  89  28  53  47  44  19  17  38  01  74  77  06  02
66  67  81  15  32  23  15  97  43  74  46  51  77  41  98  58  25  69  21  32  73  77  61  34  87  62  59  63  81  50  45  67  62  05  65  29  32  38  76  46  06  20  81  16  64  03  90  25  50  42  72  68  13  90  76  46  68  35  60  57  09  54  70  93  57  61  07  58  61  18
17  23  26  18  97  94  50  77  97  90  62  22  42  37  72  82  75  48  59  48  77  22  54  44  26  44  49  94  98  21  63  88  81  06  98  94  75  45  91  12  75  44  25  01  49  75  15  57  69  27  86  19  33  26  59  05  92  88  59  24  43  90  33  80  07  11  72  67  52  48  04
01  60  10  04  09  98  21  65  12  81  14  32  05  77  12  63  45  16  09  48  92  85  61  31  76  01  49  23  60  28  96  61  92  34  33  02  39  39  15  50  57  55  63  27  31  65  16  32  87  33  93  09  65  70  79  60  71  98  24  60  45  49  31  97  87  06  18  41  87  30  75  10
13  35  55  73  72  59  26  35  33  01  44  54  98  39  74  09  08  23  83  17  51  32  24  21  31  46  42  79  58  41  53  34  79  26  72  09  19  97  54  18  28  60  16  43  33  44  39  67  56  87  36  61  90  86  18  85  86  58  15  03  39  64  84  45  80  36  49  91  56  07  51  31  88
29  71  48  45  55  32  52  96  37  30  19  15  86  76  52  64  07  12  67  13  81  12  28  56  14  20  50  44  68  64  42  24  72  24  01  60  70  81  98  73  79  42  93  76  44  83  96  42  77  62  50  94  88  12  57  89  45  41  27  50  60  91  83  54  69  98  80  81  23  70  97  89  05  39
88  56  43  51  69  03  73  02  48  51  17  19  25  26  12  46  37  29  45  79  39  13  75  57  65  15  51  47  08  15  35  97  93  99  17  32  61  30  79  99  13  18  25  73  14  56  34  95  04  93  86  54  91  42  44  65  33  84  04  15  71  90  08  68  96  03  14  66  56  56  98  38  83  01  38
98  78  53  18  73  74  17  97  40  10  47  58  80  01  77  86  45  61  52  07  29  13  67  62  82  01  30  56  67  34  48  95  62  71  91  52  37  68  16  34  31  19  90  55  89  60  50  17  04  31  92  27  77  88  33  61  35  06  17  65  21  66  53  65  54  61  61  31  51  44  23  33  08  96  47  97
32  86  93  24  13  44  32  72  75  13  53  84  08  14  41  20  41  04  91  94  67  17  79  89  47  75  77  30  90  02  57  89  80  84  70  86  27  04  82  59  97  30  56  83  26  73  55  02  04  19  23  25  58  85  69  42  75  36  88  47  45  33  02  30  57  21  63  15  64  23  02  04  89  95  38  40  15
84  38  91  43  33  63  63  45  38  70  63  06  79  28  15  70  54  12  63  01  29  49  48  97  38  81  88  50  64  02  45  67  95  81  02  51  35  26  59  24  05  07  21  78  55  96  91  04  97  63  52  75  23  40  87  76  39  85  83  48  48  14  14  93  22  77  47  59  06  51  54  98  95  25  71  13  96  70
24  21  39  91  22  76  17  95  71  92  39  12  22  05  80  46  49  28  44  38  52  53  86  35  54  47  41  46  65  77  90  14  40  75  13  14  88  21  31  96  34  95  37  46  55  27  04  43  74  33  19  79  56  10  64  84  62  71  17  36  40  26  86  66  40  50  26  37  75  92  82  67  36  29  29  02  29  68  90
43  31  11  55  03  76  42  77  84  75  52  09  45  57  26  15  41  37  65  86  63  14  08  75  34  48  22  90  94  82  24  10  72  12  69  15  73  38  16  54  39  38  27  16  76  63  18  33  22  32  65  81  87  72  27  69  99  94  51  01  51  77  51  12  23  03  89  63  48  93  59  52  43  06  32  28  79  46  68  99
18  37  87  80  40  22  86  02  81  69  99  74  88  36  61  59  26  58  07  61  07  57  50  57  35  13  37  41  06  79  72  92  73  87  05  29  32  22  10  16  82  75  28  38  59  33  50  20  24  85  38  72  94  18  95  32  44  07  66  56  51  69  41  44  69  25  91  59  65  48  79  49  15  88  04  82  35  28  88  30  83
04  89  03  46  82  61  27  43  84  98  30  60  01  49  02  17  94  09  48  92  36  64  04  45  22  88  89  18  76  97  42  52  35  24  58  48  51  39  31  29  44  85  14  13  40  38  95  08  68  21  94  82  29  10  13  64  98  66  27  68  88  74  16  61  21  14  86  66  38  71  20  90  23  01  60  76  15  58  09  78  84  41
52  94  45  67  54  74  91  38  75  52  21  06  24  57  33  14  65  97  88  19  24  92  11  85  06  39  68  47  62  93  93  53  49  79  17  16  89  06  48  55  90  41  70  77  72  85  64  43  64  46  48  74  13  31  86  06  58  23  23  34  16  85  09  08  04  96  36  91  22  68  97  11  59  21  96  44  51  16  44  96  56  44  47
85  19  66  44  59  72  62  04  29  97  43  41  40  62  70  45  84  82  41  73  93  59  17  61  20  96  07  75  58  67  27  21  32  13  41  03  13  56  63  73  83  11  74  52  88  36  51  80  21  71  81  93  23  22  32  33  60  73  43  68  15  01  50  26  43  03  06  71  70  57  92  09  03  86  95  02  40  13  49  55  28  11  72  94
12  80  64  83  89  47  23  95  19  81  38  79  40  92  49  23  47  18  40  90  44  67  74  98  60  43  60  64  01  67  29  99  24  17  67  82  63  38  70  05  96  54  27  66  39  54  37  37  22  82  58  03  84  74  30  17  87  15  13  06  50  90  49  16  54  13  63  64  84  28  85  46  03  40  73  37  54  91  35  47  19  56  31  16  03
65  39  89  75  38  49  50  60  69  44  26  55  71  13  12  08  89  04  43  87  07  46  48  72  27  62  28  39  77  40  98  19  75  94  28  74  23  25  08  53  72  84  93  11  13  98  31  72  90  02  91  38  19  59  51  33  59  75  52  54  01  23  39  59  17  25  67  49  01  77  47  12  91  67  78  27  49  98  22  77  21  24  68  98  10  65
20  62  87  79  04  40  68  96  27  57  90  16  71  49  62  28  03  09  50  42  80  51  38  84  15  94  01  63  30  73  18  73  65  48  90  83  11  06  11  71  43  16  40  25  75  63  07  46  95  83  61  97  99  45  93  14  32  48  03  41  68  61  14  55  86  94  70  03  43  13  34  23  77  52  88  02  94  32  44  33  45  10  33  20  86  43  28
66  39  10  73  33  63  25  59  26  37  05  72  03  78  76  92  19  03  19  19  65  03  49  93  39  03  14  12  77  79  03  37  96  75  08  78  85  31  18  55  56  62  24  38  91  78  94  96  14  85  56  95  32  47  64  33  76  76  08  66  72  18  23  45  64  80  61  05  74  22  08  71  79  67  41  32  48  44  90  30  29  07  53  75  67  03  14  25
73  17  22  52  83  69  13  32  90  73  73  16  97  06  36  94  52  53  65  02  33  19  34  45  41  54  89  97  78  24  84  31  42  67  68  01  89  50  86  15  28  53  91  79  85  91  79  17  94  71  18  62  38  01  32  17  21  19  86  26  87  32  94  76  42  36  33  50  74  59  45  95  93  72  01  22  47  16  32  13  73  50  05  52  23  98  71  64  95
52  73  10  38  88  84  85  64  83  07  44  02  43  25  68  41  93  15  83  15  94  91  33  16  64  63  32  19  65  99  05  64  65  16  81  17  46  98  20  29  16  30  50  12  58  01  33  25  73  21  50  25  80  32  22  46  47  27  34  27  10  17  41  26  87  57  15  50  63  71  13  09  65  96  01  07  06  95  71  21  42  51  41  22  06  05  41  10  37  75
23  27  55  77  19  11  16  62  32  45  82  99  27  34  54  08  13  73  13  87  52  49  95  38  08  99  64  88  54  25  76  20  38  54  37  57  44  41  31  98  07  88  44  79  82  08  09  03  95  61  47  89  56  82  70  92  65  57  44  84  38  88  42  61  64  70  25  74  87  23  17  67  56  65  30  61  66  52  43  10  99  83  18  46  79  28  62  45  82  99  14
34  92  38  90  92  02  55  66  71  67  91  80  52  80  04  42  80  81  19  23  91  06  43  36  06  99  36  91  29  67  91  52  55  92  05  83  26  92  15  10  12  32  74  35  18  77  80  48  36  18  61  31  74  74  13  54  76  39  34  06  47  87  60  57  64  58  33  07  34  28  62  07  49  11  41  24  98  41  77  82  17  30  79  59  02  06  05  75  39  16  59  49
73  29  12  67  59  98  69  54  02  29  92  20  40  19  13  38  22  76  39  37  04  44  40  33  23  52  03  37  28  74  70  13  20  51  97  37  16  44  08  28  56  35  77  85  34  49  30  21  38  33  75  01  75  52  60  59  91  68  28  28  83  61  46  48  22  66  08  02  42  43  14  21  81  39  82  12  90  17  37  39  78  02  86  90  36  85  06  32  11  48  36  22  30
32  53  76  97  78  12  47  51  80  15  64  26  46  74  61  73  34  96  48  51  76  26  84  54  63  71  92  06  08  59  26  07  31  65  26  52  26  36  95  23  93  10  30  84  84  52  32  99  05  96  55  88  84  61  77  69  80  65  19  69  64  92  09  69  11  66  57  75  77  29  99  92  34  81  23  32  78  69  37  08  21  03  13  97  42  31  43  46  11  72  76  84  71  25
70  19  01  25  33  23  85  83  40  95  73  10  11  19  38  03  27  67  29  64  79  98  28  29  62  33  93  29  96  93  02  39  60  48  98  73  94  53  72  80  85  23  88  52  19  72  71  95  01  39  51  87  69  76  10  77  43  26  92  28  35  56  62  60  94  54  72  50  55  97  73  14  12  64  67  44  31  94  90  22  70  95  35  05  71  66  57  67  09  88  46  79  38  68  27
13  43  41  60  74  75  71  83  36  60  89  48  48  37  08  27  01  27  73  52  79  93  90  99  43  62  63  91  59  65  02  85  28  49  89  32  47  95  12  43  32  93  10  43  30  55  58  94  77  44  48  24  62  59  05  35  13  42  14  92  23  63  48  83  22  94  71  89  52  02  63  98  71  83  94  54  94  04  97  47  43  84  74  08  92  14  89  16  51  63  02  57  13  32  42  49
62  44  20  09  42  06  24  04  53  88  53  93  10  91  21  46  03  22  55  68  17  39  89  67  23  85  23  11  46  44  37  28  36  90  47  26  29  49  81  93  99  63  90  76  27  09  17  09  09  15  14  19  52  20  41  88  03  70  37  19  86  96  93  39  30  61  84  10  95  17  64  28  63  46  98  35  73  33  19  55  93  66  33  16  40  94  48  83  18  84  94  50  84  74  47  66  55
41  88  67  52  53  66  07  89  68  93  41  65  81  90  44  24  03  56  09  20  05  27  40  51  83  30  26  84  24  35  22  60  30  95  68  84  77  26  81  96  85  03  83  83  52  23  21  30  03  53  98  24  36  25  69  28  17  25  50  33  35  25  82  71  98  65  41  63  08  21  33  74  15  95  21  18  82  71  55  06  85  75  48  40  51  50  83  06  05  53  80  08  94  96  86  68  21  43
78  51  84  27  88  35  93  06  82  73  79  10  75  33  63  89  42  85  11  95  94  33  16  11  60  71  48  44  95  21  02  52  56  23  53  32  59  91  66  13  04  75  76  82  05  12  92  74  39  51  82  08  45  06  50  19  72  89  51  29  92  95  28  58  84  92  19  81  65  11  14  71  99  39  96  36  79  94  80  99  11  16  71  77  92  16  96  91  86  31  12  16  61  50  11  39  81  42  85
45  40  08  34  66  29  97  39  94  07  06  30  60  18  32  05  24  78  51  27  35  13  62  66  83  26  18  64  89  05  78  70  75  24  74  34  68  22  24  42  22  72  84  58  55  23  90  37  73  08  20  12  22  45  91  84  59  81  23  97  16  40  06  76  57  41  55  62  91  38  55  26  99  65  37  63  63  40  74  54  19  11  90  09  08  03  82  82  25  15  10  32  41  76  81  13  60  65  03  40
82  39  57  08  65  85  97  57  32  48  70  63  93  59  74  28  30  90  83  19  43  04  39  10  81  80  63  11  48  75  34  08  03  97  50  55  94  17  02  91  56  27  81  24  12  21  16  70  57  74  23  85  22  70  09  88  90  86  77  86  25  12  45  33  82  63  79  80  88  96  18  93  22  02  27  02  14  24  09  33  26  62  71  69  52  58  83  98  92  40  96  12  55  20  86  91  71  22  95  53  93
70  15  91  23  33  97  45  51  36  54  33  29  84  04  86  72  60  23  23  36  56  11  05  54  01  37  17  78  95  72  44  27  36  15  92  45  30  53  49  51  24  47  60  59  56  27  99  94  43  52  54  82  11  62  25  50  05  28  65  83  04  80  49  97  01  12  18  59  87  79  91  65  34  68  96  85  99  25  14  28  64  79  97  37  78  03  52  92  21  83  30  36  93  29  14  65  23  77  42  09  27  77
71  91  39  59  99  06  25  65  95  18  88  35  29  74  95  09  42  41  33  38  80  07  82  91  33  27  34  22  41  08  05  72  03  58  73  69  13  78  57  54  88  77  14  35  04  97  12  96  03  78  27  88  75  01  83  48  69  43  96  77  38  85  74  73  65  75  45  05  82  06  96  81  19  57  91  60  90  65  49  84  26  14  35  76  60  15  34  13  18  96  33  85  55  20  70  68  02  73  26  54  23  47  92
28  09  63  25  70  58  99  78  67  71  44  39  62  43  07  53  36  59  64  98  40  64  90  27  92  60  53  81  82  46  65  82  99  20  19  05  55  87  85  58  23  61  75  98  03  42  13  75  45  94  17  29  79  35  97  28  60  68  97  25  67  64  25  29  54  88  38  37  92  94  64  62  75  57  52  58  87  16  27  28  91  02  03  52  24  91  14  30  93  92  25  20  42  90  36  78  93  41  43  58  49  16  37  10
90  38  43  68  11  25  63  61  20  70  52  77  94  52  65  01  73  53  57  25  98  85  70  72  89  68  51  84  22  01  56  66  72  79  17  79  34  07  84  49  69  97  10  04  59  46  75  44  08  11  07  42  17  36  63  86  94  41  99  46  96  69  55  18  77  82  68  72  25  56  56  86  44  92  25  76  42  02  14  93  91  23  37  98  39  02  60  33  37  59  32  14  49  73  51  71  81  33  48  10  98  92  27  76  84
90  17  04  64  21  04  25  48  85  95  46  32  60  51  08  73  40  28  38  95  75  25  39  67  97  73  26  02  62  86  94  18  36  90  63  43  58  49  35  52  51  82  87  98  98  71  71  21  97  29  41  06  04  18  03  29  60  51  58  89  69  28  95  27  98  35  38  32  14  97  67  54  56  18  24  11  51  20  46  84  16  85  08  87  68  44  97  57  47  67  64  40  39  43  01  47  83  66  21  70  23  39  23  92  57  98
33  19  02  17  62  27  49  41  80  20  49  85  21  26  13  45  55  19  79  18  37  85  30  75  47  79  88  48  71  76  25  09  40  94  89  35  02  40  53  85  44  11  11  12  99  35  50  79  63  58  94  93  87  53  88  35  76  60  45  88  43  06  91  94  34  12  54  16  30  02  47  79  35  72  93  08  18  11  33  05  82  45  87  38  68  46  65  84  03  91  06  19  53  93  01  02  88  22  34  29  79  22  16  04  95  85  31
43  75  54  10  77  75  46  86  64  51  86  07  16  60  88  78  94  09  65  13  03  14  67  11  89  05  87  52  19  78  46  31  24  96  15  09  25  83  53  20  14  87  07  35  56  15  14  77  03  46  39  23  88  46  96  13  57  55  72  37  95  05  64  36  85  48  72  16  86  74  40  16  05  10  31  20  75  05  82  59  47  51  62  62  19  51  03  64  67  73  84  19  07  93  87  55  78  14  04  59  96  50  42  79  60  14  10  47
58  62  64  56  98  88  84  72  49  83  04  25  64  72  03  85  35  12  88  07  11  56  60  41  39  97  03  12  96  76  04  59  46  24  83  31  75  92  12  88  11  87  31  77  25  81  08  02  72  11  85  68  51  88  88  50  45  49  19  27  89  88  08  85  10  02  99  17  51  46  69  29  28  31  34  05  59  98  79  95  51  78  37  31  89  74  22  31  02  28  16  96  48  36  11  37  39  26  81  49  93  26  96  55  33  76  91  37  66
03  23  92  95  27  08  17  22  17  75  66  74  73  25  35  30  77  21  45  26  17  94  99  47  72  94  41  69  79  71  38  10  92  14  81  59  21  66  88  83  66  42  42  47  02  67  03  94  84  96  39  17  77  14  20  22  77  93  84  33  18  58  64  31  74  45  53  40  31  04  86  77  35  14  08  18  34  66  11  32  62  94  99  82  95  60  15  98  54  69  85  88  64  27  55  69  14  70  52  06  05  25  91  63  25  55  28  94  18  06
65  08  14  91  98  51  42  17  33  94  68  35  16  06  12  71  71  92  54  57  61  36  23  52  22  01  02  15  44  36  03  01  97  51  50  54  74  52  98  24  79  42  61  40  34  07  78  34  39  38  78  08  54  26  83  58  36  63  93  83  90  21  07  49  44  19  37  05  93  41  67  49  44  46  81  92  80  44  16  91  85  31  99  91  98  97  20  32  03  79  36  04  68  20  75  82  14  41  36  21  15  62  11  84  01  40  35  83  78  88  54
89  65  74  78  23  40  69  98  59  92  83  07  11  93  20  70  43  23  42  44  63  83  34  91  79  99  59  15  30  43  62  27  86  93  14  06  77  10  97  86  58  24  46  80  07  91  93  04  39  10  49  39  05  07  93  57  41  30  19  11  37  82  86  68  75  80  16  52  75  66  04  27  18  04  67  99  74  35  10  46  37  15  51  85  83  15  91  29  83  59  74  26  87  52  15  58  05  98  29  38  74  71  58  31  68  95  49  56  45  38  27  80
51  94  43  36  28  02  99  25  37  58  39  10  84  43  74  31  20  70  11  69  21  22  16  48  33  66  36  14  86  79  54  20  53  25  86  91  24  24  73  50  68  44  99  67  10  19  21  31  73  49  68  22  51  55  28  28  79  07  98  39  96  12  43  43  55  70  37  37  04  84  13  47  69  80  29  44  10  04  94  90  51  95  05  40  58  30  85  65  27  66  15  31  43  59  14  79  47  22  26  10  43  45  53  57  20  65  46  50  53  36  17  92  34
07  19  63  61  60  68  19  73  25  42  79  18  30  57  91  23  57  55  72  59  24  33  87  57  59  47  89  09  45  22  41  32  32  78  06  80  81  08  94  93  22  48  32  02  43  56  86  09  34  38  68  64  84  38  37  65  69  57  74  47  53  34  16  90  65  72  37  66  99  94  72  79  20  52  68  35  31  81  66  32  94  01  24  81  30  43  25  09  22  85  53  22  51  88  94  43  19  97  02  04  79  25  07  77  73  76  45  78  37  46  93  25  63  97
59  74  28  19  30  94  95  09  82  47  16  46  44  71  18  90  32  95  48  98  01  27  51  97  54  82  06  79  82  38  28  37  62  80  33  54  83  55  37  48  91  30  74  70  32  61  21  88  31  69  47  34  56  95  22  42  71  35  95  82  12  88  37  31  69  13  26  90  07  93  19  44  59  10  45  56  35  91  99  92  30  50  58  85  51  75  85  19  34  37  63  67  81  81  30  07  53  23  77  39  20  76  25  44  34  56  26  55  73  30  27  78  73  50  27
93  82  28  10  30  22  66  91  55  47  60  09  89  72  30  06  34  24  42  09  43  55  82  82  55  66  18  98  92  02  23  74  91  30  76  66  49  11  07  66  55  57  33  35  65  11  89  63  02  09  36  05  44  50  43  57  79  29  23  82  84  84  77  10  19  81  05  51  45  02  16  92  67  94  96  67  06  89  61  28  71  77  24  23  80  08  15  76  56  34  18  19  93  88  37  76  91  16  42  17  03  15  90  97  50  56  49  37  48  77  24  50  10  08  75  68
72  88  44  42  82  78  51  46  44  38  11  62  44  15  86  17  38  12  70  37  79  96  79  62  43  62  43  21  45  20  72  06  41  35  16  05  96  55  36  77  23  67  19  05  96  09  96  70  89  95  24  06  78  61  13  80  41  03  28  75  28  09  47  50  67  67  77  12  02  94  37  86  96  81  08  60  04  95  57  84  13  76  65  29  24  17  72  33  23  71  09  68  45  24  79  54  24  46  52  72  09  97  19  57  81  52  95  17  81  51  77  76  89  89  47  69  67
44  26  90  45  30  97  28  59  39  46  87  87  04  02  52  74  53  03  32  21  29  20  97  03  75  92  47  21  39  03  33  99  79  48  65  60  88  58  46  01  81  70  37  69  27  48  17  04  64  07  23  61  51  77  81  76  75  30  92  76  86  36  59  23  62  72  98  53  30  12  56  47  49  77  35  15  02  49  43  60  94  97  63  01  01  22  75  54  07  73  64  88  11  71  51  09  92  50  94  06  75  63  64  91  19  91  06  14  50  99  84  84  65  10  52  26  98  20
09  89  34  65  65  73  42  98  61  80  41  31  58  88  43  94  93  97  40  12  74  98  53  16  32  43  47  88  27  58  64  77  70  73  31  48  58  55  77  17  43  55  64  90  44  25  09  56  27  57  05  26  32  26  53  38  51  05  07  19  13  76  49  80  19  71  14  51  49  14  74  28  08  94  38  46  17  92  24  02  30  74  34  94  30  12  06  48  36  92  69  41  39  62  30  63  66  38  36  51  87  47  26  09  46  44  78  81  64  63  64  54  44  99  14  15  66  48  43
52  14  81  38  09  20  20  57  76  76  80  36  70  39  39  29  12  59  05  93  33  50  30  40  23  61  28  12  74  94  20  09  77  22  47  07  86  05  92  42  76  33  99  01  55  02  47  24  12  57  31  85  70  38  87  95  46  68  69  42  76  92  37  73  24  27  24  50  74  15  37  28  38  03  86  14  12  88  99  52  46  64  38  38  87  84  29  27  65  58  22  70  13  31  80  40  49  14  36  81  32  14  70  25  14  90  13  57  11  34  13  17  09  76  43  10  04  54  81  29
81  63  72  77  98  90  60  88  10  76  37  16  48  87  89  41  38  12  57  16  78  74  77  41  45  83  35  97  80  88  82  63  93  18  64  19  94  63  31  01  57  14  13  83  08  56  87  97  52  05  16  51  74  57  88  60  32  13  92  39  50  36  91  78  93  10  13  04  03  04  89  20  13  54  74  21  39  07  27  41  50  33  51  56  96  98  29  11  68  30  45  37  33  45  18  84  52  34  71  03  42  33  23  59  21  51  53  31  28  59  63  63  59  22  99  15  02  78  78  64  35
54  32  74  70  16  70  04  33  03  64  50  81  05  26  52  73  29  28  37  94  58  96  51  81  64  44  22  49  11  78  57  33  18  24  06  70  27  61  53  81  17  45  36  20  96  25  53  37  41  97  18  83  10  88  99  18  91  33  83  70  55  60  02  68  22  57  82  32  74  89  74  89  17  36  01  63  54  99  05  32  54  80  91  36  19  04  49  26  26  89  22  38  86  79  64  10  27  79  04  70  59  47  44  48  66  67  48  79  14  63  96  18  08  02  43  34  85  18  15  40  57  37
53  54  77  31  11  86  75  82  14  76  69  73  03  52  21  32  22  11  33  90  42  83  78  35  96  18  60  13  82  76  82  42  86  79  34  42  78  95  17  45  54  01  36  99  82  18  15  93  41  40  66  90  27  15  27  14  23  49  12  83  91  27  70  70  54  41  30  82  34  72  45  98  39  79  89  57  33  14  59  20  88  77  16  07  74  03  59  77  90  56  65  37  48  55  02  73  47  95  55  07  96  71  72  99  12  32  49  55  39  51  46  29  51  50  60  16  82  76  41  27  60  70  39
34  71  85  40  95  34  16  83  75  56  67  86  89  55  32  39  79  38  55  12  38  96  26  14  39  60  61  62  53  31  93  47  56  82  74  62  58  63  43  06  05  09  62  30  37  10  19  03  49  86  02  38  02  20  57  31  32  35  40  39  27  23  03  64  74  17  98  11  57  29  29  63  19  15  95  01  19  46  14  08  54  68  28  51  74  81  34  86  60  25  64  56  60  55  58  97  39  91  18  42  25  70  17  72  70  41  01  59  11  66  86  26  83  40  80  52  90  32  33  12  29  03  46  83
93  44  57  69  94  85  79  02  47  08  38  23  35  71  75  80  29  76  77  63  01  34  53  07  87  89  18  67  34  71  34  87  43  60  95  74  91  01  42  61  56  06  49  51  05  01  20  72  14  58  69  46  71  15  08  43  41  73  23  93  02  12  59  24  14  11  98  86  73  04  19  88  78  67  86  38  75  81  75  33  54  23  49  79  34  61  02  03  05  63  03  62  12  87  79  66  98  84  39  16  02  30  62  84  78  39  29  96  46  68  24  96  47  26  99  53  91  65  99  33  20  70  38  87  70
68  05  16  09  59  41  73  91  47  91  19  47  68  69  74  84  10  87  94  20  77  63  06  95  37  52  66  66  02  56  04  25  60  85  68  13  40  97  36  47  19  81  51  50  79  44  50  48  56  21  88  15  50  30  98  79  47  67  57  75  32  38  58  30  46  81  28  05  77  80  73  62  51  52  40  19  40  87  52  26  79  61  57  08  32  45  61  69  85  12  56  58  74  79  96  33  11  65  31  23  90  26  15  44  38  90  05  12  25  91  91  70  31  75  98  11  36  86  92  40  59  05  73  85  10  57
92  94  14  20  60  27  98  83  59  11  24  84  77  72  32  83  57  30  87  87  02  19  77  24  02  71  29  55  76  55  13  97  51  94  66  18  40  21  16  13  22  16  90  10  51  91  90  80  31  32  68  80  07  99  91  55  77  98  62  57  47  27  35  46  47  24  85  90  71  14  20  54  92  45  48  79  18  77  52  48  13  11  27  11  25  40  06  73  16  52  98  12  07  46  98  69  06  74  31  02  03  39  99  58  95  22  55  37  19  32  36  48  89  86  75  22  06  81  41  54  67  91  13  11  01  01  40
71  12  99  20  47  02  92  94  42  15  10  70  81  08  54  14  93  38  60  29  64  87  53  27  97  14  19  80  54  39  72  33  11  65  64  84  22  06  09  50  40  46  52  18  07  33  66  43  99  04  88  86  36  62  83  87  79  25  24  12  98  77  93  49  57  59  98  73  32  18  33  47  22  25  32  68  60  93  72  62  04  73  96  90  20  40  29  63  86  93  08  33  78  67  49  02  19  79  09  12  73  45  75  75  40  40  16  39  98  53  35  10  44  12  90  11  50  65  20  68  39  85  85  29  37  47  87  51
02  78  87  83  45  91  04  81  40  40  80  88  35  21  93  62  31  51  55  78  11  89  61  19  47  96  64  28  95  40  38  41  35  16  39  79  09  05  44  63  52  94  21  07  14  69  10  35  20  48  20  40  82  93  17  45  96  08  32  20  13  49  60  91  26  15  65  03  86  38  51  08  34  81  73  23  23  22  79  09  23  03  10  87  09  14  66  76  12  29  05  90  83  28  36  30  32  10  27  31  13  59  02  74  94  15  18  31  06  77  29  48  38  18  46  99  45  29  59  86  64  63  47  86  29  08  02  20  98
70  75  58  55  61  80  06  83  09  70  39  22  83  96  12  97  50  54  37  83  52  83  78  33  45  41  41  60  81  68  91  54  11  42  42  76  18  23  70  13  36  24  36  35  54  07  45  47  47  05  77  20  28  18  75  44  27  09  37  52  03  91  55  46  39  40  19  41  26  80  16  98  94  81  27  27  01  75  52  17  53  61  97  35  26  86  42  77  85  57  69  09  12  72  82  90  84  64  77  93  25  77  60  50  97  42  93  41  66  94  82  65  38  26  88  01  58  14  59  80  44  35  60  42  12  59  15  46  37  29
78  36  64  98  96  17  68  06  35  66  62  10  76  88  93  99  43  35  88  96  36  68  46  30  93  08  60  02  95  49  09  58  52  62  72  59  92  75  14  29  69  88  28  28  93  81  85  70  85  97  86  29  48  89  22  79  37  66  91  04  35  02  78  47  73  98  80  28  22  14  86  90  33  26  13  36  91  19  82  12  34  72  50  81  78  64  45  08  73  16  65  37  37  76  12  94  06  01  16  62  67  88  62  51  25  56  52  78  23  93  47  76  72  54  35  46  33  06  88  60  91  79  48  22  42  64  03  66  31  11  39
83  54  94  59  37  89  51  55  49  67  19  65  97  83  78  45  37  41  69  85  72  32  68  30  14  25  34  17  51  37  67  68  01  74  32  55  91  63  33  32  28  70  28  80  72  63  54  85  15  83  36  47  15  44  77  59  76  06  07  93  41  65  49  15  30  16  88  88  69  60  93  17  81  41  49  43  50  69  31  36  64  12  05  59  95  22  65  87  74  51  52  10  30  74  75  77  15  22  56  40  48  25  17  24  09  83  63  57  12  31  08  62  96  75  02  22  72  27  16  54  66  45  99  70  55  55  14  33  75  13  69  11
72  92  89  54  05  08  71  01  51  51  58  50  46  28  34  45  60  51  60  95  31  90  75  25  74  70  08  63  90  41  88  15  01  46  06  12  21  66  41  02  15  51  68  87  65  91  28  63  22  35  38  10  50  49  03  35  37  78  93  91  11  13  16  99  52  47  93  52  54  68  52  54  55  62  01  54  63  06  96  26  06  81  75  75  53  63  22  24  91  09  25  70  56  10  99  72  43  09  43  85  50  85  78  15  80  38  22  65  99  79  89  26  76  15  16  76  86  65  13  21  86  16  03  85  01  35  01  76  59  59  01  67  76
33  93  02  34  60  19  13  30  29  20  04  65  26  83  43  42  86  24  56  88  95  85  82  28  08  20  41  32  19  32  49  33  85  69  01  02  71  28  34  13  40  93  33  76  08  83  30  44  13  60  51  31  82  03  81  99  02  71  30  51  04  12  68  17  85  56  79  77  79  01  31  57  98  33  82  58  85  37  73  61  14  41  46  77  33  67  23  31  91  61  62  81  42  50  28  52  76  83  38  43  14  34  05  51  58  89  46  90  79  34  99  62  60  61  97  71  19  92  18  65  37  90  96  83  65  74  54  14  90  59  16  60  12  23
98  01  24  48  68  03  59  82  22  38  94  46  61  13  18  55  77  83  82  55  83  26  43  46  79  08  83  37  18  33  02  15  90  03  97  40  36  12  90  93  50  32  99  48  76  34  47  34  04  56  14  45  64  56  22  39  70  30  48  29  78  98  87  63  10  75  60  49  57  85  06  07  97  58  83  32  51  53  34  75  80  84  51  44  72  24  35  21  35  88  33  15  98  74  36  41  69  88  74  43  79  90  44  11  10  36  70  13  45  65  17  49  60  39  34  10  98  97  61  20  24  84  67  54  03  86  87  66  06  60  12  39  63  24  12
85  20  59  14  91  45  20  31  49  20  24  65  76  13  72  68  78  90  84  19  98  24  39  81  73  78  68  48  93  48  75  83  46  76  93  26  61  75  90  59  20  81  71  49  62  39  93  36  68  23  58  87  06  65  03  42  92  33  28  29  50  62  51  79  16  99  30  38  32  52  62  83  45  49  90  31  25  52  86  36  57  80  01  31  82  37  16  96  59  81  06  89  86  61  94  22  46  73  90  19  44  73  66  72  72  37  96  51  94  59  25  71  21  65  26  03  51  81  56  82  53  96  67  52  53  87  65  13  39  76  23  04  65  69  42  68
92  03  01  23  20  96  81  15  34  56  33  15  28  97  82  25  03  46  38  16  26  84  67  39  45  49  02  57  10  39  97  05  34  32  76  68  42  53  91  61  53  20  36  50  71  78  80  06  39  20  03  22  07  86  37  33  69  82  31  50  58  90  42  02  10  85  10  20  09  21  84  15  84  68  10  52  83  10  18  36  46  55  54  59  92  90  23  06  07  99  70  88  62  70  91  42  53  99  04  95  40  95  50  39  83  61  02  46  22  70  39  52  70  70  86  02  19  84  76  91  19  70  08  49  24  97  10  54  10  54  55  73  94  47  09  38  36
45  66  86  96  46  49  87  55  99  74  70  46  48  88  37  26  46  98  80  48  03  86  44  23  70  02  30  28  42  70  34  13  48  74  12  08  18  05  38  23  16  44  71  33  97  35  62  79  93  33  71  79  13  08  95  06  43  51  82  04  09  83  12  54  79  53  83  47  93  99  75  27  55  41  82  32  12  13  62  30  46  25  48  88  26  11  67  67  97  30  45  73  62  38  78  57  22  01  86  63  76  28  35  34  31  04  65  79  88  14  66  70  50  55  52  04  30  45  89  16  73  26  48  36  83  62  27  87  81  93  34  86  05  64  94  46  54  76
68  10  13  62  49  11  38  02  63  71  31  08  39  03  87  40  63  09  94  51  13  30  59  71  60  25  97  05  81  06  97  54  90  65  21  46  93  10  24  28  04  50  30  28  51  45  54  75  78  11  59  41  80  21  62  88  26  16  40  41  75  97  10  62  89  24  09  14  95  35  37  69  01  87  85  16  45  32  98  77  53  07  78  99  94  58  17  60  88  51  41  48  02  05  55  14  93  84  11  65  43  52  65  05  37  07  36  36  89  22  95  78  88  77  92  25  29  19  23  53  19  95  48  37  43  26  75  57  23  63  23  69  43  53  25  81  65  21  43
37  21  01  51  64  53  94  45  09  34  24  93  24  96  88  32  21  38  04  71  64  57  09  60  03  99  26  97  55  64  66  83  18  47  32  84  47  16  37  01  95  64  99  05  73  49  31  12  26  01  43  74  85  31  44  15  54  77  31  24  24  22  55  32  76  21  98  90  37  31  15  16  25  15  20  66  38  03  68  52  89  71  14  63  35  95  19  37  37  36  42  18  51  96  03  58  95  42  12  28  77  82  46  98  12  99  60  38  69  35  98  52  83  93  52  60  04  80  89  49  34  78  29  51  67  37  82  88  84  22  59  03  19  88  90  83  30  76  94  55
95  19  75  71  89  63  04  88  38  88  57  25  98  95  10  10  92  40  15  90  44  30  99  75  49  79  40  29  54  98  31  93  21  01  48  58  67  06  13  80  88  87  57  52  13  56  41  06  16  60  30  48  34  33  30  38  95  95  50  95  40  28  88  61  42  97  60  04  47  15  97  25  43  68  79  36  55  81  04  98  20  20  62  13  62  21  87  13  47  26  08  91  88  32  86  34  57  97  72  45  55  05  93  35  18  75  47  55  30  54  74  71  40  16  25  18  49  54  48  45  31  03  16  20  93  08  93  07  27  09  40  86  28  60  26  95  19  91  18  33  23
40  05  78  60  46  72  78  34  53  78  20  13  06  80  46  48  48  36  31  80  69  19  89  61  93  06  05  62  65  78  92  47  80  70  39  10  60  37  46  39  19  81  09  25  60  62  13  02  40  84  63  28  27  82  63  24  36  81  13  99  67  12  64  35  01  30  73  18  98  31  38  57  38  42  26  20  98  16  01  74  87  30  11  62  60  41  58  40  89  70  44  32  08  36  43  75  95  21  83  98  20  21  57  95  09  97  57  97  21  01  57  40  33  23  18  27  38  71  39  45  13  05  78  05  11  19  68  06  21  71  86  91  51  17  45  77  59  23  48  48  31  99
24  28  34  72  91  41  17  74  61  36  64  20  13  12  37  54  05  65  30  04  43  14  86  81  88  91  90  84  84  40  03  90  38  15  41  50  77  90  65  82  87  78  65  62  59  82  06  57  32  28  05  39  16  01  86  05  42  40  34  99  31  19  64  55  92  82  77  40  29  73  36  77  46  04  36  62  68  55  93  54  83  06  43  10  20  33  05  02  77  97  75  26  96  99  95  49  19  54  94  96  36  60  44  79  28  79  03  44  68  80  08  03  59  12  79  46  86  36  62  33  48  73  59  67  58  65  84  23  68  08  94  14  01  11  94  28  19  55  40  48  70  66  05
74  65  44  27  42  55  12  54  17  31  76  60  68  85  30  76  55  43  93  72  28  14  55  91  16  49  83  15  42  54  64  94  98  31  98  31  58  22  75  95  82  01  77  75  26  84  51  46  44  93  21  69  68  93  26  27  51  70  98  88  45  55  89  14  74  06  18  50  74  11  34  17  48  60  98  81  43  79  70  92  33  49  28  05  47  20  15  09  36  43  75  62  62  56  32  01  92  15  07  89  35  51  96  71  81  11  91  19  83  21  83  26  15  09  41  36  96  20  76  03  04  77  64  34  85  18  34  66  30  20  74  59  46  47  50  34  84  14  99  71  85  49  10  22
27  33  78  29  24  75  34  63  66  49  93  84  43  98  66  18  16  21  14  69  35  59  35  72  65  62  91  69  33  70  37  09  75  02  07  99  72  24  48  64  96  05  62  53  12  27  04  17  92  11  64  20  50  41  49  64  99  59  77  95  09  74  20  94  45  12  66  17  87  11  95  54  68  37  36  26  20  55  82  02  99  45  55  79  05  02  21  94  51  53  18  78  98  03  68  15  08  46  89  66  57  59  46  05  91  84  68  49  46  23  69  08  08  88  40  25  85  86  11  35  57  38  04  43  31  29  32  10  29  80  88  18  67  94  58  30  03  92  86  63  44  85  52  46  51
84  31  79  67  86  30  83  55  33  01  50  04  10  47  04  35  22  19  51  19  39  14  17  92  73  36  84  75  93  25  78  69  82  17  78  79  50  90  97  15  73  61  58  94  94  11  59  83  19  87  53  45  17  47  26  62  22  88  86  18  45  52  87  94  40  55  64  22  47  42  63  24  52  10  01  05  63  83  40  06  43  29  98  72  13  13  04  13  08  71  43  06  72  81  11  64  27  62  50  21  09  23  95  79  76  18  58  70  01  72  05  79  40  38  82  49  26  14  88  38  94  37  54  27  83  82  89  49  25  54  90  83  59  92  17  88  35  93  23  59  81  35  97  25  10  62
25  66  08  04  97  81  53  65  52  90  72  14  71  01  07  81  66  56  84  98  90  10  16  17  22  08  67  84  96  86  35  19  97  77  83  11  11  94  58  15  74  72  12  95  32  08  09  76  90  96  41  63  37  10  33  64  48  30  92  67  36  69  20  53  35  72  34  35  12  16  64  03  18  07  56  38  76  16  34  03  82  94  61  55  99  34  97  52  53  84  93  08  17  82  77  37  90  31  86  19  73  56  13  86  12  87  48  20  33  16  46  67  89  62  48  25  30  03  46  76  47  74  57  87  21  28  36  31  89  62  43  08  51  11  52  85  36  86  30  50  54  61  20  54  40  95  26
45  42  33  87  29  97  63  43  78  45  18  27  71  41  20  58  62  17  40  82  98  88  12  39  97  17  06  69  31  96  17  79  54  09  74  67  82  94  71  45  33  36  25  75  26  28  22  13  11  40  63  23  66  08  10  94  34  38  64  55  32  50  70  99  64  96  64  09  40  75  86  25  23  98  83  57  02  89  76  33  20  79  46  52  82  37  30  71  68  67  39  90  49  51  25  67  32  25  49  99  40  56  59  48  27  82  58  08  02  23  55  23  01  11  55  12  44  55  95  80  70  27  73  13  03  45  42  14  90  88  05  39  45  72  06  46  50  80  73  10  93  61  02  40  54  79  58  48
98  72  66  19  39  71  86  22  86  62  27  71  56  73  46  95  98  26  93  03  74  78  58  21  33  29  15  90  66  74  45  38  36  60  61  90  22  29  05  95  81  23  78  38  89  72  55  95  69  10  31  41  81  32  53  21  21  94  51  15  42  07  62  94  34  10  01  88  89  63  77  13  03  94  35  89  68  38  21  08  45  36  44  38  97  50  39  24  33  08  68  57  07  96  15  12  95  30  08  68  26  78  13  51  73  95  72  92  20  92  93  29  58  38  83  35  35  38  53  21  94  28  16  33  14  24  33  15  56  52  16  15  15  68  56  66  05  23  03  32  28  46  79  93  44  99  35  63  42
43  98  13  18  21  42  40  08  49  24  24  25  52  22  26  84  79  84  64  31  51  65  53  73  16  40  62  59  93  05  53  41  53  42  97  96  94  19  79  14  21  50  21  55  57  09  81  79  85  74  62  51  76  56  90  61  39  57  81  56  20  38  61  42  52  64  46  66  61  06  16  73  93  19  40  10  75  41  72  44  48  20  01  02  31  13  73  21  75  21  59  83  62  85  18  34  14  82  86  47  79  61  41  75  43  01  64  65  37  65  15  19  22  87  53  87  91  98  18  08  61  13  22  25  61  09  18  98  14  31  16  05  75  21  69  77  15  38  29  96  30  09  38  58  86  26  05  24  09  97
