59
51  81
92  92  29
74  05  61  28
03  71  03  07  16
83  88  48  14  85  01
67  97  70  04  90  04  31
38  47  76  32  04  86  02  24
83  18  77  28  91  49  65  73  70
62  41  88  56  32  07  91  13  15  52
99  78  39  56  41  74  85  27  31  84  85
57  89  01  10  32  61  18  42  65  60  20  80
16  80  22  57  07  66  75  63  29  19  74  47  07
25  74  47  59  86  56  45  39  71  75  69  20  54  37
88  24  86  03  60  91  58  13  35  69  84  86  38  13  38
05  45  96  50  13  08  11  23  06  77  02  24  85  15  84  53
89  27  77  68  60  11  35  93  04  50  24  18  57  83  25  12  68
49  34  72  99  18  59  09  49  21  85  51  95  15  72  53  12  77  94
50  04  55  46  06  58  21  28  79  02  38  91  97  48  53  30  91  80  82
60  76  08  48  40  41  42  20  88  57  60  35  60  98  46  65  25  97  40  82
90  13  04  15  89  67  77  97  64  64  22  25  99  35  70  81  42  58  88  40  50
77  53  12  16  31  85  62  80  48  06  95  92  88  45  92  60  84  67  26  25  31  78
29  76  69  34  96  05  61  63  96  65  32  42  96  35  63  78  18  39  29  61  62  33  86
20  50  52  63  14  02  59  60  87  24  50  10  81  75  42  03  05  34  28  64  87  20  21  69
02  40  38  91  69  39  38  59  73  85  77  30  91  21  21  15  60  35  36  80  30  70  91  99  41
64  15  82  50  79  24  89  79  96  84  06  40  93  81  49  90  96  57  93  77  78  11  78  37  84  53
67  83  93  02  89  34  61  09  41  16  42  43  58  64  63  01  08  14  69  63  44  07  58  85  77  99  28
16  94  08  57  24  42  68  02  64  14  61  80  84  43  10  98  54  66  36  45  15  49  28  53  29  43  89  93
18  94  15  13  39  12  33  95  61  99  37  07  23  56  62  08  69  85  44  09  06  41  93  71  35  66  34  69  61
92  42  22  09  23  44  20  07  84  98  14  83  90  06  52  74  99  84  45  93  94  78  63  51  01  25  71  24  32  15
86  40  55  62  74  79  09  60  12  21  96  45  31  02  49  29  61  80  16  55  12  59  70  15  24  11  70  15  36  59  55
06  48  69  72  85  69  29  23  30  09  33  97  23  11  06  71  90  39  57  90  48  57  68  87  69  50  39  48  08  50  07  38
36  79  23  69  49  13  33  81  31  83  27  12  65  94  21  73  22  08  62  79  54  82  45  99  21  33  99  61  21  20  59  31  15
62  62  46  63  60  07  44  83  03  59  04  63  72  42  37  29  64  55  65  33  80  57  05  48  89  12  46  89  84  18  83  07  88  83
81  10  41  85  16  72  78  45  40  07  22  18  07  60  58  82  30  23  18  23  77  30  24  71  10  02  56  19  87  24  04  41  01  03  52
74  97  82  89  40  57  50  43  10  34  15  59  13  22  89  95  98  42  13  62  69  75  80  93  73  48  91  25  14  80  87  33  08  67  83  06
40  33  61  72  03  88  06  50  62  29  38  76  05  63  99  39  77  77  61  43  61  75  68  29  43  49  89  82  22  81  52  61  61  36  25  02  01
55  51  65  90  29  55  41  32  96  19  13  22  88  70  02  34  38  95  31  86  90  22  15  11  16  34  35  72  73  42  21  78  67  52  08  88  13  81
98  03  29  21  95  38  82  76  08  60  99  27  71  10  01  99  51  69  63  40  25  21  08  93  17  57  16  94  66  75  80  87  68  65  88  51  21  46  65
95  97  90  13  13  95  80  67  86  13  12  54  04  57  16  87  52  44  11  43  51  49  68  38  03  46  36  86  08  38  04  17  64  41  30  48  83  71  41  45
40  39  23  58  87  25  32  61  33  89  89  04  81  72  38  15  49  22  12  46  67  54  88  16  51  21  74  31  63  39  91  95  57  07  55  07  66  03  19  84  53
41  76  14  58  12  36  45  15  13  38  12  24  30  17  14  28  78  27  86  50  70  26  44  68  83  83  60  65  81  07  32  84  78  18  35  84  14  85  97  50  42  12
08  91  82  86  54  58  65  37  11  40  09  28  02  65  86  04  19  68  21  75  92  06  94  20  69  56  76  12  42  33  80  45  09  44  57  99  11  50  86  58  46  51  05
75  85  42  42  46  51  33  56  53  67  73  20  38  55  84  29  72  73  11  14  45  20  08  42  62  10  86  25  51  78  40  67  53  24  08  73  76  95  37  44  88  88  19  61
46  61  70  75  45  96  41  49  46  44  49  72  34  29  89  37  37  67  58  58  33  97  84  35  06  46  94  17  86  68  10  44  44  42  83  05  18  49  18  73  78  48  77  95  03
20  80  54  33  67  19  20  61  01  90  63  65  81  53  22  12  44  84  38  74  62  94  98  74  88  99  61  15  24  02  01  33  68  02  47  39  45  44  54  32  82  32  79  49  43  33
51  40  89  24  43  97  07  45  28  85  10  39  46  65  78  65  07  13  83  63  69  91  65  01  73  70  65  83  14  20  95  64  95  30  40  40  64  06  25  09  92  80  28  33  82  17  81
98  21  56  02  43  34  33  34  39  22  75  82  57  68  72  54  20  42  73  23  72  95  85  68  84  83  68  59  12  64  92  34  82  46  40  10  27  75  07  89  62  71  67  83  01  80  65  96
39  89  49  46  51  26  71  24  84  22  32  62  81  80  14  47  35  44  79  75  11  99  33  25  29  30  65  67  45  64  82  52  92  46  61  78  55  01  20  31  12  12  14  65  81  22  07  32  48
16  74  86  95  11  17  55  69  50  24  89  09  84  92  10  15  96  06  19  89  41  48  32  68  38  34  30  73  35  02  94  91  30  05  21  03  81  47  75  01  41  69  55  74  64  85  29  42  69  58
